MEME version 4

ALPHABET = ACGT

Strands: + -

Background letter frequencies
A 0.292 C 0.208 G 0.208 T 0.292

MOTIF conv1_filter0
letter-probability matrix: alength= 4 w= 19
0.0492656640708 0.0791968777776 0.709611475468 0.16192600131
0.0706451013684 0.639895915985 0.202082172036 0.087376832962
0.0633946806192 0.367540448904 0.485778033733 0.0832868590951
0.182004094124 0.674103021622 0.0977876931429 0.0461052246392
0.396542102098 0.172894597054 0.171965047717 0.25859823823
0.0191485397518 0.0500092953444 0.891987383366 0.03885480389
0.0574456229806 0.515337407589 0.37943854928 0.0477783977985
0.0252835098654 0.266034573317 0.662576675415 0.0461052246392
0.0803123265505 0.814277768135 0.0429447852075 0.0624651424587
0.277560889721 0.0946272537112 0.286298573017 0.341513305902
0.251347839832 0.311024367809 0.259527802467 0.178100019693
0.0814277753234 0.143521100283 0.562558114529 0.212493032217
0.167689159513 0.543781399727 0.171965047717 0.116564415395
0.195761293173 0.261758685112 0.37553447485 0.166945531964
0.313998878002 0.373861312866 0.111544899642 0.200594902039
0.136084780097 0.162111923099 0.242424249649 0.459379076958
0.319947957993 0.33314743638 0.180516824126 0.166387811303
0.310094803572 0.115263059735 0.390221238136 0.184420898557
0.382598996162 0.380368083715 0.167689159513 0.0693437457085

MOTIF conv1_filter1
letter-probability matrix: alength= 4 w= 19
0.587142109871 0.0961828231812 0.041687592864 0.27498742938
0.0871421396732 0.627825200558 0.0434455052018 0.241587147117
0.792817652225 0.136614769697 0.0364138633013 0.0341536924243
0.035158213228 0.665494740009 0.121546961367 0.177800104022
0.854846835136 0.0258663985878 0.0150678055361 0.10421898216
0.0238573588431 0.677297830582 0.124309390783 0.174535408616
0.840281248093 0.0273731797934 0.0999497771263 0.0323957800865
0.0336514301598 0.603465616703 0.190356597304 0.172526374459
0.877699673176 0.0557508803904 0.0138121545315 0.0527373179793
0.0444500260055 0.792817652225 0.0447011552751 0.118031136692
0.796082377434 0.063535913825 0.0210949275643 0.11928679049
0.0210949275643 0.565042674541 0.308387756348 0.105474635959
0.877950787544 0.00627825222909 0.0740833729506 0.041687592864
0.05600200966 0.509040653706 0.355349063873 0.0796082392335
0.869663476944 0.0200904067606 0.00251130084507 0.107734806836
0.0424409843981 0.871170282364 0.0678051263094 0.018583625555
0.619537949562 0.11225514859 0.0356604717672 0.232546463609
0.0356604717672 0.609241604805 0.219738826156 0.135359123349
0.584881961346 0.0492214970291 0.0359116010368 0.329984933138

MOTIF conv1_filter2
letter-probability matrix: alength= 4 w= 19
0.162934944034 0.16550680995 0.52526473999 0.146293491125
0.160968229175 0.39440241456 0.341149777174 0.103479579091
0.155673220754 0.367170959711 0.37639939785 0.100756429136
0.114674732089 0.37261724472 0.422239035368 0.0904689878225
0.161119520664 0.348865360022 0.371558248997 0.118456885219
0.077760964632 0.175794243813 0.648260235786 0.0981845706701
0.0686838105321 0.444024205208 0.421331316233 0.0659606680274
0.0677760988474 0.494553714991 0.386838138103 0.0508320741355
0.218759462237 0.578971266747 0.0953101366758 0.106959149241
0.197579428554 0.155824512243 0.43797275424 0.208623304963
0.192133128643 0.336459904909 0.320423603058 0.15098336339
0.0131618762389 0.038880482316 0.922087728977 0.0258698947728
0.0310136154294 0.876853227615 0.0689863860607 0.0231467466801
0.200151279569 0.324054449797 0.238729193807 0.237065047026
0.322995454073 0.264296531677 0.142965197563 0.269742816687
0.0954614207149 0.0723146721721 0.695764005184 0.136459901929
0.0284417551011 0.54357033968 0.392133116722 0.0358547642827
0.0366111956537 0.346747338772 0.569894075394 0.0467473529279
0.117397882044 0.720423579216 0.104236006737 0.0579425096512

MOTIF conv1_filter3
letter-probability matrix: alength= 4 w= 19
0.00740842381492 0.0430786125362 0.928659617901 0.0208533406258
0.0246947463602 0.907806277275 0.0552887916565 0.0122101800516
0.100150913 0.236109212041 0.528741955757 0.134997949004
0.226780086756 0.632322669029 0.0782000273466 0.0626972168684
0.297297298908 0.0941144153476 0.373988211155 0.23460008204
0.0418438725173 0.321580469608 0.541363716125 0.0952119603753
0.0687337070704 0.434764713049 0.415832072496 0.0806694999337
0.128549873829 0.407874882221 0.301961869001 0.16161338985
0.124982848763 0.454246133566 0.140760049224 0.280010968447
0.124159693718 0.156948819757 0.382768541574 0.33612293005
0.102346003056 0.405816972256 0.28467553854 0.207161471248
0.0974070504308 0.24475236237 0.419810682535 0.238029912114
0.109342843294 0.456441223621 0.304980099201 0.129235833883
0.0879407301545 0.298394829035 0.468788594007 0.144875839353
0.143641099334 0.564549326897 0.184799015522 0.107010565698
0.122101798654 0.349430650473 0.280285358429 0.248182192445
0.299629569054 0.348607480526 0.152421459556 0.199341475964
0.117025658488 0.0574838779867 0.702839910984 0.122650571167
0.111400738358 0.705446541309 0.146247774363 0.0369049236178

MOTIF conv1_filter4
letter-probability matrix: alength= 4 w= 19
0.622571706772 0.13506013155 0.228954672813 0.0134135056287
0.0194264575839 0.125346899033 0.0550416298211 0.800185024738
0.809435725212 0.00832562427968 0.138760402799 0.0434782616794
0.056429233402 0.0138760404661 0.0374653115869 0.892229437828
0.539315462112 0.118408881128 0.287234038115 0.0550416298211
0.109158188105 0.0420906580985 0.0245143380016 0.824236810207
0.446345984936 0.0869565233588 0.425994455814 0.0407030545175
0.176225721836 0.0143385753036 0.0383903793991 0.771045327187
0.438482880592 0.0730804800987 0.355226635933 0.133209988475
0.146160960197 0.0513413511217 0.0434782616794 0.759019434452
0.213691025972 0.301572620869 0.253931552172 0.230804815888
0.432007402182 0.0351526364684 0.0994449555874 0.433394998312
0.372340410948 0.18686401844 0.342275679111 0.0985198915005
0.17668825388 0.0490286760032 0.248381122947 0.525901913643
0.193339496851 0.64384829998 0.0925069376826 0.0703052729368
0.251156330109 0.0522664189339 0.263182252645 0.433394998312
0.32331174612 0.344588339329 0.0217391308397 0.310360789299
0.444033294916 0.0268270112574 0.342738211155 0.186401486397
0.124884366989 0.467622578144 0.0818686410785 0.32562443614

MOTIF conv1_filter5
letter-probability matrix: alength= 4 w= 19
0.0525030530989 0.15399877727 0.662545800209 0.130952388048
0.162851035595 0.55112940073 0.125 0.161019533873
0.0405982919037 0.067765571177 0.78037238121 0.111263737082
0.0451770462096 0.78418803215 0.128052502871 0.0425824187696
0.0647130683064 0.236874237657 0.521978020668 0.17643468082
0.0804334580898 0.496794879436 0.34554335475 0.0772283300757
0.219017088413 0.351648360491 0.257326006889 0.172008544207
0.0592185594141 0.0938644707203 0.786630034447 0.0602869354188
0.0680708214641 0.731837630272 0.139041513205 0.0610500611365
0.15399877727 0.172008544207 0.460622698069 0.213369965553
0.135683760047 0.523351669312 0.177350431681 0.163614168763
0.166971921921 0.137820512056 0.419871807098 0.275335788727
0.142704516649 0.441086679697 0.260836392641 0.155372411013
0.139499396086 0.407814413309 0.2594627738 0.193223446608
0.44032356143 0.367979228497 0.0764652043581 0.115231990814
0.16132478416 0.153846159577 0.41391941905 0.270909637213
0.383089125156 0.418040305376 0.114010989666 0.0848595872521
0.0810439586639 0.137362644076 0.598137974739 0.183455437422
0.206043958664 0.566544592381 0.180250301957 0.0471611730754

MOTIF conv1_filter6
letter-probability matrix: alength= 4 w= 19
0.0351919569075 0.838665425777 0.0265082269907 0.0996343716979
0.783820867538 0.0507312603295 0.0530164539814 0.112431444228
0.353747725487 0.270109683275 0.200639858842 0.175502747297
0.3779707551 0.223034739494 0.224862888455 0.174131631851
0.429159045219 0.0233089588583 0.0900365635753 0.457495421171
0.146709322929 0.405850082636 0.0507312603295 0.396709322929
0.465265095234 0.0105118826032 0.0973491743207 0.426873862743
0.130712985992 0.026965264231 0.0356489941478 0.806672751904
0.338208407164 0.0836380273104 0.0639853775501 0.514168202877
0.0201096888632 0.11517367512 0.225776970387 0.638939678669
0.222120657563 0.499542951584 0.0127970753238 0.265539318323
0.794789791107 0.0333638042212 0.062614262104 0.10923217237
0.0534734912217 0.514168202877 0.175502747297 0.25685557723
0.607403993607 0.201553925872 0.150365635753 0.0406764149666
0.154021933675 0.0443327240646 0.778793394566 0.0228519197553
0.407678246498 0.392595976591 0.0415904931724 0.158135280013
0.359232187271 0.0118829980493 0.52650821209 0.10237660259
0.252285182476 0.278793424368 0.210237666965 0.258683741093
0.135283365846 0.190585002303 0.298446059227 0.375685542822

MOTIF conv1_filter7
letter-probability matrix: alength= 4 w= 19
0.116978608072 0.125 0.113636367023 0.644385039806
0.606951892376 0.135695189238 0.250668436289 0.00668449187651
0.0314171127975 0.161764711142 0.0360962562263 0.770721912384
0.538101613522 0.0280748661608 0.393716573715 0.0401069521904
0.276737958193 0.000668449210934 0.0447860956192 0.677807509899
0.198529407382 0.311497330666 0.429144382477 0.0608288757503
0.062165774405 0.0454545468092 0.0187165774405 0.873663127422
0.531417131424 0.149732619524 0.220588237047 0.0982620343566
0.254679143429 0.00935828872025 0.20788769424 0.528074860573
0.197860956192 0.45989304781 0.213235288858 0.129010692239
0.320855617523 0.263368993998 0.0421122983098 0.37366309762
0.171791449189 0.615641713142 0.0655080229044 0.147058829665
0.721925139427 0.0481283403933 0.16377004981 0.0661764740944
0.608957231045 0.136363640428 0.224598929286 0.0300802141428
0.0929144397378 0.0695187151432 0.683823525906 0.153743311763
0.0855614989996 0.615641713142 0.111631013453 0.187165781856
0.377005338669 0.0320855602622 0.423796802759 0.16711230576
0.218582883477 0.131684496999 0.0461229942739 0.603609621525
0.106283418834 0.0340909101069 0.300133675337 0.559491991997

MOTIF conv1_filter8
letter-probability matrix: alength= 4 w= 19
0.0990496277809 0.178880676627 0.599577605724 0.122492082417
0.0663146749139 0.58563888073 0.299683213234 0.0483632534742
0.200844779611 0.418796211481 0.263991564512 0.116367474198
0.21119324863 0.278563886881 0.305807828903 0.204435065389
0.0285110883415 0.0821541696787 0.834213316441 0.0551214367151
0.00126715947408 0.29482576251 0.701372742653 0.00253431894816
0.00359028507955 0.793875396252 0.201055958867 0.00147835270036
0.178247094154 0.541921854019 0.142977818847 0.136853218079
0.190073922276 0.208447724581 0.443928182125 0.157550156116
0.0996832102537 0.307919740677 0.445195347071 0.147201687098
0.00274551217444 0.0585005283356 0.917845845222 0.0209081303328
0.0162618793547 0.919324159622 0.029144667089 0.0352692715824
0.176979929209 0.136008441448 0.451953530312 0.23505808413
0.139598727226 0.493136227131 0.205913409591 0.161351636052
0.172967270017 0.175501585007 0.382893353701 0.268637806177
0.0595564953983 0.319957762957 0.466948270798 0.153537482023
0.155015841126 0.48553326726 0.242449834943 0.117001056671
0.320168942213 0.198521643877 0.389017939568 0.09229144454
0.144667372108 0.361351639032 0.342133045197 0.151847943664

MOTIF conv1_filter9
letter-probability matrix: alength= 4 w= 19
0.314710050821 0.0388967469335 0.423620939255 0.222772270441
0.0785007104278 0.0 0.782885432243 0.138613864779
0.653465330601 0.0 0.27934935689 0.0671852901578
0.560113132 0.0353606790304 0.331683158875 0.0728430002928
0.750353634357 0.0289957560599 0.179632246494 0.0410183891654
0.769448399544 0.0509193763137 0.166195183992 0.0134370578453
0.844413042068 0.0247524753213 0.0975954756141 0.0332390367985
0.710042417049 0.00990098994225 0.217114567757 0.0629420056939
0.611739754677 0.00212164083496 0.204384729266 0.181753888726
0.297736912966 0.00353606790304 0.485855728388 0.212871283293
0.874116003513 0.00212164083496 0.115275815129 0.00848656333983
0.875530421734 0.0141442716122 0.0579915121198 0.0523338057101
0.913012742996 0.00990098994225 0.0586987286806 0.0183875523508
0.717114567757 0.0275813303888 0.169731259346 0.0855728462338
0.630834519863 0.00424328166991 0.212164074183 0.152758136392
0.675388991833 0.00848656333983 0.25671851635 0.0594059415162
0.692362070084 0.00707213580608 0.278642147779 0.0219236202538
0.978783607483 0.0 0.019094767049 0.00212164083496
0.997878372669 0.00212164083496 0.0 0.0

MOTIF conv1_filter10
letter-probability matrix: alength= 4 w= 19
0.727272748947 0.118527039886 0.0863061025739 0.0678941309452
0.418872267008 0.0253164563328 0.107019566 0.448791712523
0.487917155027 0.162255465984 0.345224410295 0.00460299197584
0.0184119679034 0.265822798014 0.0103567317128 0.705408513546
0.781357884407 0.0195627156645 0.127733021975 0.071346372366
0.413118541241 0.0 0.0241657085717 0.562715768814
0.225546598434 0.388952821493 0.326812416315 0.0586881488562
0.0586881488562 0.146145001054 0.0103567317128 0.784810125828
0.486766397953 0.29344072938 0.196777909994 0.0230149589479
0.354430377483 0.0172612201422 0.117376297712 0.510932087898
0.316455692053 0.240506336093 0.372842341661 0.0701956301928
0.264672040939 0.19562715292 0.0609896443784 0.478711158037
0.177215188742 0.658227860928 0.0161104723811 0.1484464854
0.652474105358 0.0126582281664 0.219792872667 0.115074798465
0.500575363636 0.173762947321 0.291139245033 0.0345224402845
0.0448791719973 0.0471806675196 0.367088615894 0.540851533413
0.0368239358068 0.844649016857 0.00575373973697 0.112773299217
0.52704256773 0.0184119679034 0.283084005117 0.171461448073
0.300345212221 0.266973525286 0.0333716906607 0.399309545755

MOTIF conv1_filter11
letter-probability matrix: alength= 4 w= 19
0.200602814555 0.107836574316 0.22806429863 0.4634963274
0.100133955479 0.0438713990152 0.389819145203 0.466175496578
0.0170797053725 0.251841932535 0.597119867802 0.133958473802
0.020428666845 0.795713305473 0.0880776941776 0.0957803055644
0.117883458734 0.421299397945 0.0823844596744 0.378432691097
0.512726068497 0.0653047561646 0.120897524059 0.301071673632
0.0314802415669 0.0200937706977 0.922304093838 0.0261219013482
0.0234427321702 0.554588079453 0.421299397945 0.00066979235271
0.0773610174656 0.685532510281 0.173476219177 0.0636302754283
0.672471523285 0.126590758562 0.0113864699379 0.189551234245
0.161754861474 0.0130609506741 0.372404545546 0.452779650688
0.162759542465 0.181513726711 0.443737447262 0.211989283562
0.0512391142547 0.335565984249 0.301741451025 0.311453461647
0.244139313698 0.5730073452 0.0924313440919 0.0904219672084
0.550569295883 0.109511055052 0.0445411913097 0.295378446579
0.414936363697 0.0981245785952 0.118218354881 0.368720710278
0.107836574316 0.309444069862 0.168787673116 0.413931667805
0.200937703252 0.453784316778 0.199933022261 0.145344942808
0.552243828773 0.229403883219 0.0857334211469 0.132618889213

MOTIF conv1_filter12
letter-probability matrix: alength= 4 w= 19
0.613266587257 0.0125156445429 0.0037546933163 0.370463073254
0.946182727814 0.021276595071 0.00750938663259 0.0250312890857
0.548185229301 0.00250312895514 0.00750938663259 0.44180226326
0.819774746895 0.0300375465304 0.0400500632823 0.110137671232
0.420525670052 0.00625782227144 0.00876095145941 0.56445556879
0.852315366268 0.0287859831005 0.0475594475865 0.0713391751051
0.397997498512 0.00250312895514 0.00876095145941 0.590738415718
0.632040023804 0.0287859831005 0.0613266564906 0.277847319841
0.0926157683134 0.0 0.00125156447757 0.906132638454
0.44180226326 0.0225281603634 0.0200250316411 0.515644550323
0.00876095145941 0.00125156447757 0.0 0.989987492561
0.465581983328 0.0375469326973 0.0375469326973 0.459324151278
0.0563203990459 0.0037546933163 0.0 0.939924895763
0.520650804043 0.0287859831005 0.021276595071 0.429286599159
0.125156447291 0.00750938663259 0.00250312895514 0.864831030369
0.647058844566 0.0187734663486 0.0200250316411 0.314142674208
0.307884842157 0.0125156445429 0.00750938663259 0.672090113163
0.874843537807 0.0225281603634 0.0175219029188 0.0851063802838
0.420525670052 0.0287859831005 0.0150187732652 0.535669565201

MOTIF conv1_filter13
letter-probability matrix: alength= 4 w= 19
0.0546425618231 0.00657354155555 0.361133933067 0.577649950981
0.442070662975 0.303204596043 0.0645028725266 0.190221861005
0.0365653261542 0.00410846341401 0.45028758049 0.509038627148
0.222267866135 0.252259641886 0.132703363895 0.392769098282
0.149958908558 0.145439609885 0.0772391110659 0.627362370491
0.0953163504601 0.239934265614 0.296631067991 0.368118315935
0.171733766794 0.16639277339 0.0353327840567 0.626540660858
0.384141325951 0.101889893413 0.45234182477 0.0616269521415
0.0599835664034 0.689400136471 0.0776499584317 0.172966316342
0.298685282469 0.310599833727 0.278553813696 0.112161055207
0.425225973129 0.288414120674 0.108463436365 0.177896469831
0.238701730967 0.170090392232 0.246507808566 0.344700068235
0.719802796841 0.117502056062 0.0776499584317 0.085045196116
0.085045196116 0.135579288006 0.449055045843 0.330320447683
0.751437962055 0.107641741633 0.0377978645265 0.10312243551
0.0390304028988 0.031224321574 0.191043555737 0.738701701164
0.670912086964 0.0801150351763 0.0419063270092 0.207066550851
0.0246507804841 0.0143796224147 0.0760065764189 0.884963035583
0.177485615015 0.631881654263 0.117091208696 0.0735414922237

MOTIF conv1_filter14
letter-probability matrix: alength= 4 w= 19
0.0683678388596 0.263360619545 0.112181030214 0.556090533733
0.416466057301 0.321617722511 0.237361580133 0.0245546456426
0.00144439097494 0.365912377834 0.031776599586 0.600866615772
0.697640836239 0.02840635553 0.230139628053 0.0438131913543
0.121810302138 0.0240731816739 0.129032254219 0.725084245205
0.297544538975 0.306210875511 0.348098218441 0.0481463633478
0.0606644190848 0.033702455461 0.010592199862 0.895040929317
0.248435243964 0.344727963209 0.258064508438 0.148772269487
0.519980728626 0.00914780888706 0.0597014911473 0.411169946194
0.498314887285 0.150216653943 0.196437165141 0.155031293631
0.490130007267 0.0736639350653 0.0168512277305 0.419354826212
0.552720248699 0.298988938332 0.0751083269715 0.0731824710965
0.621569573879 0.044294655323 0.0457390472293 0.288396716118
0.93500238657 0.0375541634858 0.0173326916993 0.0101107368246
0.589311480522 0.0587385669351 0.147327870131 0.204622045159
0.359653353691 0.562830984592 0.0303322095424 0.0471834391356
0.750120341778 0.02840635553 0.204622045159 0.0168512277305
0.593644678593 0.166104957461 0.005296099931 0.23495426774
0.815117955208 0.00962927285582 0.101588830352 0.0736639350653

MOTIF conv1_filter15
letter-probability matrix: alength= 4 w= 19
0.315061718225 0.330370366573 0.0306172836572 0.323950618505
0.489876538515 0.204444438219 0.0893827155232 0.216296300292
0.152592599392 0.511111140251 0.142222225666 0.194074079394
0.528888881207 0.38666665554 0.0266666673124 0.0577777773142
0.44987654686 0.158024698496 0.142716050148 0.249382719398
0.844444453716 0.0883950591087 0.0246913582087 0.0424691364169
0.880493819714 0.0 0.0706172809005 0.0488888882101
0.365925937891 0.204444438219 0.219753086567 0.209876537323
0.102716051042 0.0330864191055 0.0661728382111 0.798024713993
0.146666660905 0.00197530863807 0.0592592582107 0.792098760605
0.11604937911 0.0602469146252 0.0232098773122 0.800493836403
0.074074074626 0.0651851817966 0.117037035525 0.743703722954
0.125432103872 0.464197516441 0.0780246928334 0.332345664501
0.614814817905 0.168395057321 0.180740743876 0.0360493808985
0.199012339115 0.221728399396 0.531851828098 0.0474074073136
0.500246942043 0.231604933739 0.251851856709 0.0162962954491
0.235555559397 0.186172842979 0.460246920586 0.118024691939
0.0730864182115 0.611358046532 0.222222223878 0.0933333337307
0.484938263893 0.0548148155212 0.41382715106 0.0464197546244

MOTIF conv1_filter16
letter-probability matrix: alength= 4 w= 19
0.234226450324 0.506482303143 0.0302506480366 0.229040622711
0.442523777485 0.00432152114809 0.210890233517 0.342264473438
0.205704405904 0.294727742672 0.117545373738 0.382022470236
0.262748479843 0.235955059528 0.455488324165 0.0458081252873
0.0103716505691 0.710458099842 0.0423509068787 0.23681935668
0.953327596188 0.0121002588421 0.00518582528457 0.0293863434345
0.229904919863 0.0242005176842 0.125324115157 0.620570421219
0.296456366777 0.331892818213 0.126188412309 0.245462402701
0.282627493143 0.0311149526387 0.122731201351 0.563526332378
0.11840967834 0.327571302652 0.28954192996 0.264477103949
0.0674157291651 0.0138288680464 0.0484010353684 0.870354354382
0.166810721159 0.0345721691847 0.47796022892 0.320656865835
0.0760587751865 0.441659450531 0.0121002588421 0.470181494951
0.63699221611 0.201382890344 0.0933448597789 0.0682800337672
0.508210897446 0.185825407505 0.0458081252873 0.260155588388
0.866897165775 0.0380293875933 0.0950734689832 0.0
0.0838375091553 0.0838375091553 0.445980995893 0.386343985796
0.251512527466 0.711322367191 0.0224719103426 0.0146931717172
0.496974945068 0.0008643042529 0.0751944705844 0.426966279745

MOTIF conv1_filter17
letter-probability matrix: alength= 4 w= 19
0.00909090880305 0.0601398609579 0.144755244255 0.786013960838
0.223076924682 0.36853146553 0.0384615398943 0.369930058718
0.722377598286 0.00979021005332 0.0937062948942 0.174125880003
0.133566439152 0.218181818724 0.0972028002143 0.55104893446
0.359440565109 0.0783216804266 0.0643356665969 0.497902095318
0.252447545528 0.048951048404 0.447552442551 0.251048952341
0.0258741267025 0.901398599148 0.00839160848409 0.0643356665969
0.752447545528 0.00559440581128 0.0566433556378 0.185314685106
0.484615385532 0.230769231915 0.0811188817024 0.20349650085
0.698601424694 0.107692308724 0.0713286697865 0.122377619147
0.341258734465 0.043356642127 0.296503484249 0.318881124258
0.537062942982 0.239860147238 0.0104895103723 0.212587416172
0.483216792345 0.00839160848409 0.248251751065 0.260139852762
0.214685320854 0.57902097702 0.0391608402133 0.167132869363
0.606993019581 0.0335664339364 0.0566433556378 0.302797198296
0.126573428512 0.0811188817024 0.10000000149 0.692307710648
0.82307690382 0.0461538471282 0.00349650345743 0.127272725105
0.770629346371 0.00279720290564 0.154545456171 0.0720279738307
0.114685311913 0.40349650383 0.0699300691485 0.411888122559

MOTIF conv1_filter18
letter-probability matrix: alength= 4 w= 19
0.140980288386 0.0171803943813 0.738251626492 0.103587672114
0.178372919559 0.534108161926 0.0318342596292 0.255684703588
0.259727120399 0.0444669015706 0.419909030199 0.275896906853
0.165234968066 0.212228402495 0.0560889355838 0.566447675228
0.296109139919 0.156644776464 0.181910052896 0.365336030722
0.221829205751 0.316826671362 0.318342596292 0.143001511693
0.180899441242 0.272865086794 0.156139463186 0.390096008778
0.673572540283 0.0429509840906 0.149065181613 0.13441132009
0.0702374950051 0.13592723012 0.114199087024 0.679636180401
0.674583137035 0.0247599799186 0.107630118728 0.193026781082
0.0813542157412 0.0793329998851 0.0747852474451 0.76452755928
0.367862552404 0.0626579076052 0.161192521453 0.408287018538
0.543708920479 0.0394138470292 0.0257705915719 0.39110660553
0.0889338031411 0.014653865248 0.0813542157412 0.815058112144
0.720565915108 0.0960080847144 0.00252652843483 0.180899441242
0.0909550264478 0.0439615957439 0.168772101402 0.696311295033
0.704396188259 0.234967157245 0.00859019719064 0.0520464889705
0.244567960501 0.0267812032253 0.345123797655 0.383527040482
0.530570983887 0.391611933708 0.0318342596292 0.0459828190506

MOTIF conv1_filter19
letter-probability matrix: alength= 4 w= 19
0.477330505848 0.0459745749831 0.42584747076 0.0508474558592
0.042584747076 0.0415254235268 0.0408898293972 0.875
0.368432193995 0.028813559562 0.457627117634 0.145127117634
0.0095338979736 0.0171610172838 0.00805084779859 0.965254247189
0.423728823662 0.0726694911718 0.441525429487 0.0620762705803
0.00805084779859 0.0682203397155 0.0245762709528 0.899152517319
0.421186447144 0.0726694911718 0.469067782164 0.0370762720704
0.0330508463085 0.0148305082694 0.0135593218729 0.938559293747
0.348516941071 0.160169497132 0.451483041048 0.0398305095732
0.0949152559042 0.00487288134173 0.0205508470535 0.879661023617
0.25063559413 0.193220332265 0.530296623707 0.0258474573493
0.108474574983 0.00720338989049 0.122457623482 0.761864423752
0.211440682411 0.135805085301 0.503601670265 0.149152547121
0.0711864382029 0.0161016955972 0.0533898286521 0.859322011471
0.203601688147 0.225423723459 0.284745752811 0.28622880578
0.136440679431 0.0404660999775 0.0862288102508 0.736864387989
0.227966099977 0.266949146986 0.294703394175 0.210381358862
0.113347455859 0.1002118662 0.206567794085 0.579872906208
0.159957632422 0.422457635403 0.278601706028 0.138983055949

